Mtrx[0] =  = 
¦£    1.10    2.20    3.30    4.40    5.50    6.60    7.60¦¤
¦¢    3.30    4.40    4.40    5.50    1.10    7.70    8.80¦¢
¦¢    5.50    6.60    5.50    3.30    2.20    4.40    6.60¦¢
¦¢    7.70    8.80    2.20    7.70    2.20    1.10    9.90¦¢
¦¦    9.90    1.10    3.30    2.20    9.90    6.60    9.90¦¥

Mtrx[1] =  = 
¦£    1.00    0.00    0.00    0.00    0.00    1.10    6.60¦¤
¦¢    0.00    1.00    0.00    0.00    0.00    2.20    7.70¦¢
¦¢    0.00    0.00    1.00    0.00    0.00    3.30    8.80¦¢
¦¢    0.00    0.00    0.00    1.00    0.00    4.40    9.90¦¢
¦¦    0.00    0.00    0.00    0.00    1.00    5.50    9.90¦¥

Mtrx[2] =  = 
¦£    1.10    2.20    3.30    4.40    5.50¦¤
¦¢    6.60    7.70    2.20    3.30    4.40¦¢
¦¢    5.50    1.10    7.70    8.80    3.30¦¢
¦¢    2.20    5.50    3.30    2.20    4.40¦¢
¦¢    6.60    4.40    3.30    2.20    7.70¦¢
¦¢    2.20    1.10    9.90    5.50    4.40¦¢
¦¦    3.30    2.20    9.90    6.60    9.90¦¥

Mtrx[3] = Mtrx[0] + Mtrx[1] =  = 
¦£    2.10    2.20    3.30    4.40    5.50    7.70   14.20¦¤
¦¢    3.30    5.40    4.40    5.50    1.10    9.90   16.50¦¢
¦¢    5.50    6.60    6.50    3.30    2.20    7.70   15.40¦¢
¦¢    7.70    8.80    2.20    8.70    2.20    5.50   19.80¦¢
¦¦    9.90    1.10    3.30    2.20   10.90   12.10   19.80¦¥

Mtrx[4] = Mtrx[0] - Mtrx[1] =  = 
¦£    0.10    2.20    3.30    4.40    5.50    5.50    1.00¦¤
¦¢    3.30    3.40    4.40    5.50    1.10    5.50    1.10¦¢
¦¢    5.50    6.60    4.50    3.30    2.20    1.10   -2.20¦¢
¦¢    7.70    8.80    2.20    6.70    2.20   -3.30    0.00¦¢
¦¦    9.90    1.10    3.30    2.20    8.90    1.10    0.00¦¥

Mtrx[5] = Mtrx[0] * Mtrx[2] =  = 
¦£  119.46   95.37  207.13  149.38  192.61¦¤
¦¢  122.21  108.90  239.58  182.71  205.70¦¢
¦¢  133.10  116.16  202.07  174.24  193.60¦¢
¦¢  145.20  162.14  203.28  175.45  242.00¦¢
¦¦  153.67  118.58  263.78  204.49  283.14¦¥

Mtrx[6] = ~Mtrx[5] =  = 
¦£  119.46  122.21  133.10  145.20  153.67¦¤
¦¢   95.37  108.90  116.16  162.14  118.58¦¢
¦¢  207.13  239.58  202.07  203.28  263.78¦¢
¦¢  149.38  182.71  174.24  175.45  204.49¦¢
¦¦  192.61  205.70  193.60  242.00  283.14¦¥

Mtrx[7] = Mtrx[0] =  = 
¦£    1.10    2.20    3.30    4.40    5.50    6.60    7.60¦¤
¦¢    3.30    4.40    4.40    5.50    1.10    7.70    8.80¦¢
¦¢    5.50    6.60    5.50    3.30    2.20    4.40    6.60¦¢
¦¢    7.70    8.80    2.20    7.70    2.20    1.10    9.90¦¢
¦¦    9.90    1.10    3.30    2.20    9.90    6.60    9.90¦¥

Mtrx[0] and Mtrx[7] are equal.
Mtrx[5] and Mtrx[6] are not equal.
